78 62 6 86 44 86 0 66 10 88
10 58 78 92 38 26 50 72 98 6
32 34 54 82 32 58 94 84 88 50
48 34 64 62 98 84 50 58 96 84
36 94 26 88 86 12 16 16 34 54
26 60 92 14 62 26 2 32 58 86
18 66 74 50 54 70 74 52 14 10
58 100 72 30 32 100 18 68 6 58
6 42 2 40 22 4 74 18 10 76
20 62 16 10 16 30 76 92 30 28
2 50 74 48 64 12 42 6 24 96
14 66 6 32 84 42 58 32 68 62
50 10 90 76 74 2 10 98 60 94
94 62 92 24 34 10 44 60 92 58
2 72 28 28 12 38 78 94 26 50
46 6 68 22 62 38 18 12 84 52
16 60 92 22 54 70 42 88 40 68
4 58 96 100 66 10 44 12 10 78
58 30 74 10 0 54 4 92 6 6
40 10 6 52 22 16 0 22 30 94
60 8 38 68 64 58 44 38 68 46
4 74 24 50 30 82 16 70 80 18
74 4 100 38 54 66 56 20 62 8
76 28 4 22 18 32 28 10 82 86
30 2 76 24 30 48 80 16 42 36
20 26 50 44 72 88 58 14 34 36
8 36 54 90 84 86 14 28 24 76
66 72 68 72 18 42 40 54 60 48
40 50 94 8 18 88 6 88 46 4
62 60 26 16 0 52 76 98 56 86
14 34 2 86 12 0 64 84 58 96
28 84 66 98 84 62 38 36 46 20
42 70 84 4 58 50 74 60 42 90
88 32 2 86 84 34 8 52 86 96
40 92 26 40 26 14 80 16 56 40
88 90 58 80 56 76 86 58 58 98
8 0 26 18 32 24 30 0 58 90
38 70 60 32 68 88 18 32 20 18
54 52 100 100 90 72 38 96 40 70
62 72 88 50 96 44 40 70 72 4
54 82 92 8 38 48 64 46 96 20
10 78 4 58 80 30 68 80 84 26
38 42 96 40 16 58 96 66 68 14
34 12 50 34 98 28 12 84 92 38
38 10 70 64 42 90 100 0 58 98
56 90 92 62 16 78 24 72 66 16
94 16 66 74 2 90 84 94 82 82
74 38 22 30 72 80 18 38 16 66
18 64 16 56 64 6 0 2 16 44
32 16 60 48 10 28 34 22 72 14
20 92 96 56 26 38 56 72 100 22
88 88 38 100 76 58 48 16 96 98
88 80 96 10 48 86 22 70 12 80
78 6 30 88 20 68 8 8 88 100
98 100 62 28 100 2 52 70 10 6
38 64 84 70 64 40 26 6 44 12
82 76 98 14 70 38 94 84 40 34
46 46 14 72 36 76 38 26 86 72
98 90 52 14 56 58 34 94 64 44
72 4 88 60 34 42 72 8 72 66
82 40 42 24 66 12 54 8 58 32
38 30 78 92 56 0 60 54 98 8
42 74 52 10 88 72 6 98 22 36
46 76 44 40 2 46 32 2 36 14
92 38 88 66 54 32 84 30 36 2
92 56 62 18 88 60 0 28 96 36
24 24 68 0 46 16 12 98 60 90
54 16 12 78 96 14 18 48 20 74
86 90 44 24 26 42 82 2 36 76
56 48 40 66 30 4 42 72 10 24
22 50 54 36 50 48 12 38 24 70
56 52 46 54 30 20 76 14 28 100
2 16 16 84 88 14 34 84 100 66
24 58 6 46 50 58 56 62 76 32
30 48 44 70 0 58 94 6 82 90
10 26 68 38 20 64 4 56 26 92
50 84 84 12 14 6 56 14 32 54
26 32 28 8 42 82 56 62 68 34
38 2 8 0 52 32 16 90 46 88
6 96 14 52 40 42 6 20 82 6
62 22 36 60 60 48 26 28 94 86
60 26 68 100 64 70 6 32 14 80
48 92 82 0 30 74 72 18 100 20
72 28 40 8 36 26 76 54 32 12
10 86 100 66 4 20 54 4 2 52
56 64 86 0 2 38 8 82 20 16
100 20 0 76 50 20 46 90 0 8
100 74 62 24 4 80 0 42 64 0
50 92 68 46 54 46 6 12 92 0
86 96 72 70 82 82 30 2 74 6
6 48 96 54 66 18 22 34 60 54
88 84 72 6 30 40 80 58 12 100
36 32 56 42 18 66 96 26 34 46
18 54 34 34 76 62 20 56 90 52
98 40 56 84 46 100 98 32 96 56
86 60 90 30 2 98 14 24 4 18
84 30 34 48 18 90 6 18 96 40
94 72 60 92 84 70 40 16 56 30
96 0 24 36 84 92 0 76 26 6
50 48 20 96 92 18 46 78 10 84
44 8 46 80 32 78 46 100 38 16
22 34 100 60 84 78 12 68 84 76
34 46 46 60 16 0 26 0 84 2
6 74 96 6 78 12 68 8 72 48
26 64 80 54 32 12 34 18 30 18
42 64 90 52 96 66 20 48 38 38
26 18 48 62 26 94 94 20 6 8
92 12 20 30 24 98 38 38 76 92
74 36 60 6 98 78 92 88 74 48
48 22 10 90 50 52 84 52 34 68
88 6 66 62 46 40 42 36 76 4
20 10 100 74 14 50 100 4 38 14
40 80 82 74 8 14 24 32 14 74
38 52 56 4 56 12 8 42 22 90
48 10 40 48 54 36 28 20 10 56
32 8 96 18 64 96 84 68 60 4
98 94 70 32 2 26 20 42 54 82
86 2 46 38 70 60 48 0 90 0
20 84 38 56 36 36 58 70 40 70
18 62 52 76 0 34 54 82 34 34
60 48 92 40 0 40 92 24 26 76
56 86 40 20 26 76 22 96 74 8
46 10 80 18 50 56 42 34 44 8
72 42 28 82 84 22 44 38 94 52
8 54 18 2 66 86 4 32 84 56
18 48 70 84 14 22 64 40 22 74
84 90 94 100 100 72 92 24 22 20
34 64 78 24 36 50 86 74 28 52
50 76 72 26 88 26 52 92 18 6
16 84 16 68 40 86 34 16 18 34
2 50 90 26 92 70 90 80 46 58
66 58 78 76 56 30 62 4 48 90
44 46 0 32 44 58 42 76 66 46
60 86 64 20 50 8 64 56 76 82
60 6 42 24 40 82 66 96 26 96
6 68 4 10 32 32 2 80 18 56
98 50 10 60 8 96 68 76 46 38
32 42 6 66 18 34 88 90 90 46
46 76 70 64 72 6 14 96 32 68
68 36 70 52 76 6 32 24 82 46
34 70 30 0 2 100 50 18 18 94
80 16 100 88 38 14 66 44 52 8
28 2 42 50 56 52 98 58 98 62
2 54 86 90 44 16 22 92 30 80
98 50 28 38 44 2 34 38 24 70
58 18 74 8 26 80 70 56 48 30
2 82 66 10 20 32 90 16 70 10
16 82 84 32 82 90 88 40 10 28
30
