5 78 47 79 19 81 45 62 17 6 86 44 3 83 86 39 99 59 0 23 11 66 89 10 55 88 87 10 61 25
58 101 55 78 92 9 13 38 65 73 26 50 53 101 72 59 98 63 6 85 32 25 34 29 54 3 82 29 7 27
32 87 85 58 89 94 84 88 50 48 34 64 62 19 81 91 47 98 84 27 101 71 93 50 61 58 96 85 35 79
27 84 36 3 7 39 94 26 91 19 88 86 12 97 16 16 34 54 59 71 53 26 61 31 60 92 14 62 53 1
26 2 93 47 61 95 32 58 86 18 25 27 19 51 66 74 50 25 77 54 70 61 74 52 33 14 17 10 58 95
100 37 72 75 101 30 32 61 100 18 68 6 101 55 41 58 69 71 21 45 6 42 2 40 22 87 95 61 4 7
29 49 74 45 18 23 11 67 11 10 76 20 95 9 7 62 83 16 49 73 47 93 10 21 21 16 30 76 65 92
30 19 59 9 27 28 2 89 50 37 93 74 48 35 64 12 42 6 24 96 14 66 6 32 84 63 59 87 42 58
37 87 32 69 68 39 35 69 57 57 62 50 10 45 90 76 81 74 2 45 73 25 41 81 10 81 98 60 63 9
94 94 62 92 24 61 34 10 44 60 19 77 11 73 92 58 2 39 27 85 97 75 71 31 67 72 17 28 28 15
12 38 78 94 57 15 26 35 50 3 46 25 6 68 22 62 91 17 38 18 12 84 52 67 95 67 41 49 55 91
16 101 71 39 60 23 92 49 63 9 22 54 71 70 42 13 17 49 75 57 65 88 40 57 68 27 9 83 45 1
4 29 58 96 37 23 41 100 66 99 7 17 101 10 44 12 10 78 58 30 91 55 45 23 101 81 39 74 10 45
0 63 79 59 54 75 79 73 37 87 4 92 6 6 40 89 37 39 10 6 52 22 97 29 17 41 16 89 0 22
30 94 1 60 8 57 38 35 21 68 65 61 64 58 44 38 68 46 4 55 74 24 3 50 30 21 82 16 70 97
7 80 18 23 74 4 100 38 54 63 66 56 20 62 69 8 59 76 31 11 57 28 4 83 22 18 87 79 59 9
95 32 63 69 29 28 10 82 13 86 51 59 53 5 45 59 30 63 2 59 49 5 13 53 76 24 30 48 80 1
5 16 9 42 53 36 43 81 3 21 33 20 1 9 81 53 26 50 71 45 44 49 51 72 11 25 39 88 93 37
97 57 58 14 39 67 55 34 13 36 8 73 36 51 65 43 54 95 69 90 84 86 14 1 28 43 24 15 93 76
66 67 51 72 23 31 68 72 49 99 18 69 42 27 1 55 7 93 65 81 40 25 5 73 54 53 67 15 67 60
71 48 35 40 13 50 19 67 94 8 18 88 6 27 88 59 46 4 62 60 77 45 26 16 3 93 79 0 15 52
76 98 3 56 59 43 37 11 11 33 86 9 14 5 34 2 93 86 12 0 64 17 84 58 96 91 28 37 1 35
84 63 66 98 84 62 13 1 75 21 47 99 77 38 36 35 46 51 85 20 42 73 19 59 81 70 84 4 58 50
74 89 81 60 49 42 90 88 101 32 33 2 86 84 35 34 8 52 86 96 57 9 41 40 75 92 11 26 61 11
87 40 79 26 14 55 80 19 33 79 35 16 56 1 93 40 5 27 9 53 88 37 90 93 58 80 65 56 15 17
76 51 17 86 43 73 58 58 98 8 89 0 26 18 32 33 24 30 67 0 95 58 65 90 89 29 29 13 49 101
38 70 87 55 60 32 83 15 68 88 18 3 32 20 85 5 18 54 52 100 100 33 90 15 72 89 38 96 40 9
63 59 87 27 70 62 72 29 88 50 11 96 73 65 99 44 40 53 70 37 99 21 72 31 61 4 54 93 35 82
85 99 67 73 67 92 49 69 8 47 21 38 48 64 75 97 49 46 83 96 20 10 78 35 49 9 13 4 58 80
30 93 55 68 80 84 47 71 26 38 93 5 42 13 31 37 96 45 40 67 16 5 13 69 101 58 96 89 35 66
57 37 68 23 14 49 34 12 50 34 49 98 51 28 3 12 84 51 92 57 41 38 38 77 67 10 19 70 77 29
17 64 101 42 57 37 90 100 63 0 58 87 98 75 59 19 56 75 90 69 92 47 62 16 57 11 27 78 41 27
23 24 72 66 85 16 94 16 15 57 41 66 74 2 90 27 84 33 63 91 35 67 94 82 82 51 9 89 21 91
74 38 22 30 72 85 79 87 23 65 85 55 21 9 21 80 3 17 71 73 19 18 85 39 71 38 16 9 66 18
9 64 16 56 64 6 0 25 2 16 44 63 77 51 32 45 16 89 23 60 48 3 10 28 99 13 34 19 22 72
87 13 41 25 43 81 19 14 20 92 96 7 93 56 73 67 26 38 56 72 55 100 22 85 88 88 38 53 101 7
100 76 58 33 93 35 85 48 59 81 89 16 97 27 96 67 63 98 88 80 96 10 48 99 83 86 22 70 49 1
43 69 9 101 67 51 45 12 19 45 71 80 63 77 89 95 91 78 31 85 9 49 6 23 41 30 88 20 61 9
68 75 8 69 8 7 95 71 77 88 100 98 100 62 28 21 45 17 100 2 52 70 5 61 10 6 38 67 64 37
61 84 23 13 70 64 31 79 40 53 77 45 26 43 45 25 6 65 44 91 12 37 3 35 93 82 76 98 69 14
70 13 38 47 94 84 89 40 55 34 13 27 77 46 46 14 72 25 36 76 38 43 49 26 21 35 86 72 98 90
52 71 93 47 93 57 14 31 101 23 56 97 47 87 58 34 65 37 19 94 15 64 37 95 44 72 61 89 53 4
81 88 60 34 42 83 72 8 37 72 13 66 82 40 25 42 24 66 12 15 54 8 58 47 61 23 32 83 95 38
81 55 30 87 78 97 92 56 45 57 0 79 60 54 98 57 8 42 74 52 85 10 23 88 72 6 11 93 98 22
37 36 46 85 76 44 40 2 33 46 81 93 87 99 89 27 32 85 85 69 75 2 36 47 14 92 38 88 31 59
66 93 54 7 32 84 30 36 43 57 2 77 92 56 62 93 45 18 61 88 61 27 11 81 55 60 0 49 75 23
28 23 96 36 99 24 24 68 43 0 49 21 67 46 16 85 41 59 3 37 12 101 98 60 71 90 95 54 75 16
12 21 78 96 14 47 18 48 83 61 93 20 45 74 86 101 90 44 99 24 26 42 82 1 2 101 36 75 76 53
33 56 48 43 11 61 40 39 66 30 95 4 42 61 72 19 10 24 49 22 67 50 77 99 61 54 36 50 48 12
38 24 3 37 15 70 56 51 77 33 43 52 57 13 61 23 11 33 46 54 30 20 31 76 51 39 14 28 37 17
100 2 81 16 61 16 84 37 5 88 14 34 84 100 15 29 66 31 97 9 24 79 58 6 49 46 19 67 41 55
50 58 59 67 56 62 63 99 25 76 91 79 32 30 19 77 23 48 39 91 44 53 70 0 41 58 94 6 65 82
59 90 49 10 26 68 45 97 53 38 20 64 4 51 13 61 56 19 26 73 97 5 92 50 85 84 84 12 14 47
25 19 69 6 1 99 56 14 65 73 32 43 54 26 97 32 28 8 99 43 17 3 91 57 42 82 101 56 25 62
51 37 68 34 97 77 38 101 2 8 11 37 0 52 21 32 99 95 16 71 61 90 45 97 46 88 37 37 6 96
85 89 14 11 59 52 40 42 23 27 51 6 19 20 82 97 6 65 62 45 22 63 89 25 36 60 60 48 26 51
28 91 1 94 41 86 63 60 26 29 71 45 68 100 64 85 70 6 32 61 85 14 80 79 31 48 93 92 82 61
0 35 30 73 61 74 35 57 33 72 7 18 100 41 20 85 72 47 28 83 40 81 3 69 8 87 36 26 63 76
83 83 65 54 32 1 12 91 39 97 73 10 21 86 100 66 87 4 11 65 20 19 63 54 63 85 21 73 4 25
2 52 56 23 64 86 0 2 38 43 8 93 82 20 16 100 77 20 0 76 50 89 27 59 11 43 20 46 90 0
8 69 100 57 74 62 93 24 4 80 29 0 41 42 64 0 65 31 73 50 73 92 11 68 17 46 54 46 101 6
53 12 65 92 0 21 86 19 96 72 70 82 82 33 30 11 65 77 2 74 6 6 87 11 48 41 13 96 97 89
54 75 23 66 18 31 79 22 34 27 60 89 43 54 88 67 84 23 72 75 6 30 40 80 3 58 3 12 41 71
100 43 36 32 56 42 3 67 5 18 66 17 89 81 91 101 96 26 59 19 9 34 46 18 95 7 41 54 11 99
11 34 34 49 76 53 62 57 20 56 90 52 98 40 56 84 69 46 15 51 83 100 98 32 96 56 86 81 5 11
89 75 63 60 35 15 90 13 89 30 2 98 14 24 95 79 4 73 83 99 18 84 67 33 61 13 30 34 48 23
49 49 18 45 55 90 6 18 96 40 94 72 60 83 92 63 84 87 70 40 16 11 39 19 35 56 30 96 83 3
59 25 49 87 0 24 23 36 84 63 87 92 0 35 76 26 6 50 33 53 48 20 96 92 43 18 13 53 46 93
78 17 69 10 84 44 25 35 8 79 46 80 101 32 15 78 43 46 100 38 16 22 43 47 34 49 100 45 83 60
77 11 84 21 45 78 11 12 27 68 73 35 84 76 21 11 41 27 35 34 99 46 46 60 35 16 41 1 0 35
26 0 84 2 101 3 6 13 39 74 3 96 6 27 78 12 68 8 72 39 48 26 64 83 80 54 32 12 34 31
37 27 18 30 18 42 95 64 90 52 96 19 1 66 35 20 48 3 55 38 38 95 71 26 93 18 48 62 37 15
26 94 94 83 63 75 43 41 20 6 8 92 3 12 20 30 19 24 98 38 97 38 76 92 33 74 36 60 6 11
11 98 9 78 92 81 88 74 48 47 55 55 48 7 15 22 10 90 50 52 84 52 34 57 68 91 75 88 55 6
13 66 31 17 17 62 46 40 42 57 23 36 81 76 17 65 4 29 20 10 91 39 37 95 100 74 14 55 17 5
50 100 91 4 38 14 53 29 97 49 40 13 47 80 82 37 53 74 41 89 9 75 69 8 33 14 24 32 14 74
43 38 85 52 33 27 51 99 23 9 56 77 47 7 59 1 19 65 4 56 101 12 11 69 33 37 8 42 69 15
22 90 3 87 48 89 10 89 40 48 71 54 7 36 28 47 45 20 10 56 47 53 32 8 96 13 95 18 31 23
64 96 84 68 60 57 4 98 94 70 32 2 23 26 77 20 42 54 45 83 82 86 11 2 46 83 38 35 70 47
60 48 29 0 69 31 90 59 1 0 20 84 17 38 57 23 93 49 56 55 36 36 58 47 67 70 40 49 70 95
18 87 62 1 52 79 13 5 51 37 76 35 83 41 0 19 34 43 54 82 61 34 33 97 34 60 48 92 40 0
40 92 9 13 24 35 26 93 47 76 56 37 101 71 86 40 20 101 26 19 76 22 3 81 65 96 87 49 74 8
57 46 10 33 45 31 25 80 18 25 49 93 50 71 56 51 42 34 44 8 72 17 42 28 82 84 53 11 22 65
19 44 89 33 11 1 43 38 35 87 73 3 69 94 52 8 54 18 7 25 13 2 66 35 45 86 4 32 84 5
56 18 48 99 70 51 84 97 33 14 22 45 64 19 87 57 40 79 79 22 17 39 74 99 84 89 90 94 100 100
53 9 77 83 72 27 92 24 22 37 20 71 85 34 64 78 97 24 67 36 50 19 13 31 13 81 3 86 74 85
73 28 97 25 37 19 5 52 50 76 97 72 26 88 26 75 52 92 18 19 6 89 16 84 41 93 16 68 40 53
91 87 86 17 31 34 16 18 3 34 2 3 53 50 90 59 26 41 41 89 75 92 70 90 21 101 81 80 67 35
46 61 58 9 43 66 55 57 58 53 57 78 101 65 76 56 30 62 4 48 89 90 41 44 61 46 0 21 61 87
45 19 27 32 44 58 42 99 76 5 11 83 66 46 60 35 95 9 86 64 20 29 29 50 8 64 56 76 82 49
60 6 75 42 24 75 27 40 15 31 82 83 66 96 43 27 41 23 27 26 7 96 71 29 13 6 3 93 68 75
19 4 10 32 75 32 67 41 2 11 80 18 59 1 56 98 50 10 11 60 8 65 96 68 31 47 21 65 76 25
46 38 32 42 41 6 66 13 59 18 34 88 95 90 90 37 1 93 43 93 46 46 77 76 97 70 27 64 72 6
79 14 96 91 32 33 68 68 3 21 89 36 65 70 19 52 69 79 65 76 61 3 39 19 6 47 15 1 91 29
32 24 41 77 43 57 82 46 34 43 29 81 35 59 3 70 30 0 95 47 2 100 50 91 101 18 91 18 94 80
51 16 100 88 85 49 37 95 38 93 14 67 66 99 44 25 93 52 8 59 28 2 75 19 61 42 1 73 50 41
67 45 56 52 98 21 11 7 97 11 58 98 5 62 2 7 54 27 86 90 61 44 16 22 43 97 101 63 92 93
85 65 30 80 98 50 47 37 13 28 38 17 19 44 7 73 2 45 27 34 38 24 19 70 58 18 73 74 8 27
67 26 3 80 93 70 56 59 89 5 19 48 29 21 47 59 30 2 82 49 85 66 10 43 13 20 32 90 3 99
16 70 71 93 10 16 82 33 93 84 32 82 90 45 88 40 19 49 7 61 19 101 10 47 27 43 28 89 30 1
